34 0
34 1
34 1
36 0
25 1
42 1
27 0
60 0
35 1
18 1
18 0
47 0
70 1
46 0
54 0
65 1
54 1
28 1
43 1
60 0
69 1
42 0
18 1
44 1
49 1
23 1
30 1
37 0
44 0
57 1
69 0
25 1
25 1
61 1
57 1
28 1
56 0
21 1
64 1
38 1
38 0
57 1
34 1
47 0
21 0
54 1
41 0
61 1
53 0
21 0
61 0
47 0
65 0
36 0
53 0
42 1
36 0
23 1
57 1
41 0
38 0
20 1
22 0
67 0
19 1
36 0
35 0
46 1
58 1
29 1
66 1
65 0
54 1
20 0
41 1
66 1
67 1
55 1
49 0
69 0
50 1
49 0
59 0
21 0
27 1
23 1
23 1
69 1
68 1
56 1
42 1
38 1
39 1
68 0
36 0
61 0
31 1
52 0
38 0
40 0
69 0
47 1
67 1
60 1
28 0
23 0
48 1
66 1
58 1
18 0
64 1
53 1
60 0
22 0
58 1
38 1
45 1
27 1
42 0
20 1
69 0
27 0
50 1
35 1
32 0
41 1
40 0
49 0
64 1
53 1
44 1
60 0
26 0
45 1
45 0
32 1
35 0
31 1
53 1
22 1
70 0
52 1
66 1
22 1
22 0
51 1
67 0
70 0
23 1
68 1
60 0
66 0
28 1
63 1
44 1
44 0
50 0
35 1
39 1
64 0
51 0
44 0
55 1
64 1
36 0
54 1
67 1
41 1
43 1
49 1
35 1
61 1
31 1
68 0
19 1
67 0
68 0
61 0
22 0
29 0
55 0
70 1
49 0
50 0
67 1
66 0
62 1
18 1
26 1
47 1
26 0
48 0
51 1
46 1
28 0
24 1
54 1
38 1
24 1
35 1