123456 78 82 75 42
123457 65 70 68 45
123458 92 88 95 38
123459 45 52 48 41
123460 88 85 90 35
123461 73 75 70 44
123462 60 58 65 42
123463 95 92 93 37
123464 82 78 85 43
123465 55 60 58 39
123466 87 85 88 41
123467 72 75 70 36
123468 63 60 65 44
123469 90 88 92 40
123470 78 75 80 38
123471 68 65 70 43
123472 85 82 88 35
123473 50 55 53 42
123474 93 90 95 44
123475 77 75 80 39
123476 62 65 60 41
123477 88 85 90 37
123478 73 70 75 43
123479 83 80 85 40
123480 58 55 60 36
123481 92 90 95 42
123482 75 78 73 38
123483 67 65 70 44
123484 87 85 90 39
123485 53 50 55 41
123486 93 95 90 37
123487 78 75 80 43
123488 63 60 65 40
123489 85 88 83 36
123490 72 70 75 42
123491 95 92 93 38
123492 58 55 60 44
123493 88 85 90 39
123494 77 75 80 41
123495 65 68 63 37
123496 82 80 85 43
123497 73 70 75 40
123498 90 88 92 36
123499 55 53 58 42
123500 87 85 89 38
123501 68 65 70 44
123502 93 90 95 39
123503 75 78 73 41
123504 83 80 85 37
123505 62 60 65 43
123506 88 85 90 40
123507 77 75 80 36
123508 70 68 72 42
123509 92 90 95 38
123510 58 55 60 44
123511 85 83 88 39
123512 73 70 75 41
123513 95 93 90 37
123514 67 65 70 43
123515 82 80 85 40
123516 78 75 80 36
123517 60 58 62 42
123518 88 85 90 38
123519 72 70 75 44
123520 93 90 95 39
123521 65 63 68 41
123522 87 85 89 37
123523 77 75 80 43
123524 83 80 85 40
123525 58 55 60 36
123526 92 90 95 42
123527 73 70 75 38
123528 68 65 70 44
123529 85 83 88 39
123530 62 60 65 41
123531 93 90 95 37
123532 77 75 80 43
123533 88 85 90 40
123534 70 68 72 36
123535 83 80 85 42
123536 58 55 60 38
123537 92 90 95 44
123538 75 73 78 39
123539 87 85 89 41
123540 67 65 70 37
123541 82 80 85 43
123542 73 70 75 40
123543 95 93 90 36
123544 63 60 65 42
123545 88 85 90 38
123546 77 75 80 44
123547 70 68 72 39
123548 85 83 88 41
123549 58 55 60 37
123550 93 90 95 43
123551 72 70 75 40
123552 87 85 89 36
123553 65 63 68 42
123554 82 80 85 38
123555 77 75 80 44
FIM
